50.86               62.4
64.0                58.1
50.23               43.6
57.31               46.9
48.43               58.6
58                  49.1
51.66               43.5
46.51               57.2
56.08               65.7
48.07               57.0
56.79               56.1
48.47               54.8
55.41               55.8
48.67               53.6
51.88               58.6
52.06               66.1
54.02               67.1
50.09               54.8
52.60               49.3
57.64               58.0
50.27               41.0
50.8                48.3
48.80               42.1
45.77               66.1
56.65               61.0
51.05               48.7
50.36               62.1
55.82               43.1
47.68               42.8
57.79               53.4
47                  58.5
61.0                47.4
54.32               68.4
67.8                57.5
55.90               50.6
56.88               51.6
52.01               55.5
46.57               57.8
54.83               58.2
52.0                53.0
55.94               61.4
47                  51.7
51.31               53.7
54.61               49.4
57.72               58.3
55.84               43.0
52.42               68.9
47.20               63.8
55.81               64.9
50.80               68.5
49.8                73
51.6
75

